1
1000
1001110 2004140 3009188 4016254 5025338 6036440 7049560 8064698 9081854 10101028 11122220 12145430 13170658 14197904 15227168 16258450 17291750 18327068 19364404 20403758 21445130 22488520 23533928 24581354 25630798 26682260 27735740 28791238 29848754 30908288 31969840 33033410 34098998 35166604 36236228 37307870 38381530 39457208 40534904 41614618 42696350 43780100 44865868 45953654 47043458 48135280 49229120 50324978 51422854 52522748 53624660 54728590 55834538 56942504 58052488 59164490 60278510 61394548 62512604 63632678 64754770 65878880 67005008 68133154 69263318 70395500 71529700 72665918 73804154 74944408 76086680 77230970 78377278 79525604 80675948 81828310 82982690 84139088 85297504 86457938 87620390 88784860 89951348 91119854 92290378 93462920 94637480 95814058 96992654 98173268 99355900 100540550 101727218 102915904 104106608 105299330 106494070 107690828 108889604 110090398 111293210 112498040 113704888 114913754 116124638 117337540 118552460 119769398 120988354 122209328 123432320 124657330 125884358 127113404 128344468 129577550 130812650 132049768 133288904 134530058 135773230 137018420 138265628 139514854 140766098 142019360 143274640 144531938 145791254 147052588 148315940 149581310 150848698 152118104 153389528 154662970 155938430 157215908 158495404 159776918 161060450 162346000 163633568 164923154 166214758 167508380 168804020 170101678 171401354 172703048 174006760 175312490 176620238 177930004 179241788 180555590 181871410 183189248 184509104 185830978 187154870 188480780 189808708 191138654 192470618 193804600 195140600 196478618 197818654 199160708 200504780 201850870 203198978 204549104 205901248 207255410 208611590 209969788 211330004 212692238 214056490 215422760 216791048 218161354 219533678 220908020 222284380 223662758 225043154 226425568 227810000 229196450 230584918 231975404 233367908 234762430 236158970 237557528 238958104 240360698 241765310 243171940 244580588 245991254 247403938 248818640 250235360 251654098 253074854 254497628 255922420 257349230 258778058 260208904 261641768 263076650 264513550 265952468 267393404 268836358 270281330 271728320 273177328 274628354 276081398 277536460 278993540 280452638 281913754 283376888 284842040 286309210 287778398 289249604 290722828 292198070 293675330 295154608 296635904 298119218 299604550 301091900 302581268 304072654 305566058 307061480 308558920 310058378 311559854 313063348 314568860 316076390 317585938 319097504 320611088 322126690 323644310 325163948 326685604 328209278 329734970 331262680 332792408 334324154 335857918 337393700 338931500 340471318 342013154 343557008 345102880 346650770 348200678 349752604 351306548 352862510 354420490 355980488 357542504 359106538 360672590 362240660 363810748 365382854 366956978 368533120 370111280 371691458 373273654 374857868 376444100 378032350 379622618 381214904 382809208 384405530 386003870 387604228 389206604 390810998 392417410 394025840 395636288 397248754 398863238 400479740 402098260 403718798 405341354 406965928 408592520 410221130 411851758 413484404 415119068 416755750 418394450 420035168 421677904 423322658 424969430 426618220 428269028 429921854 431576698 433233560 434892440 436553338 438216254 439881188 441548140 443217110 444888098 446561104 448236128 449913170 451592230 453273308 454956404 456641518 458328650 460017800 461708968 463402154 465097358 466794580 468493820 470195078 471898354 473603648 475310960 477020290 478731638 480445004 482160388 483877790 485597210 487318648 489042104 490767578 492495070 494224580 495956108 497689654 499425218 501162800 502902400 504644018 506387654 508133308 509880980 511630670 513382378 515136104 516891848 518649610 520409390 522171188 523935004 525700838 527468690 529238560 531010448 532784354 534560278 536338220 538118180 539900158 541684154 543470168 545258200 547048250 548840318 550634404 552430508 554228630 556028770 557830928 559635104 561441298 563249510 565059740 566871988 568686254 570502538 572320840 574141160 575963498 577787854 579614228 581442620 583273030 585105458 586939904 588776368 590614850 592455350 594297868 596142404 597988958 599837530 601688120 603540728 605395354 607251998 609110660 610971340 612834038 614698754 616565488 618434240 620305010 622177798 624052604 625929428 627808270 629689130 631572008 633456904 635343818 637232750 639123700 641016668 642911654 644808658 646707680 648608720 650511778 652416854 654323948 656233060 658144190 660057338 661972504 663889688 665808890 667730110 669653348 671578604 673505878 675435170 677366480 679299808 681235154 683172518 685111900 687053300 688996718 690942154 692889608 694839080 696790570 698744078 700699604 702657148 704616710 706578290 708541888 710507504 712475138 714444790 716416460 718390148 720365854 722343578 724323320 726305080 728288858 730274654 732262468 734252300 736244150 738238018 740233904 742231808 744231730 746233670 748237628 750243604 752251598 754261610 756273640 758287688 760303754 762321838 764341940 766364060 768388198 770414354 772442528 774472720 776504930 778539158 780575404 782613668 784653950 786696250 788740568 790786904 792835258 794885630 796938020 798992428 801048854 803107298 805167760 807230240 809294738 811361254 813429788 815500340 817572910 819647498 821724104 823802728 825883370 827966030 830050708 832137404 834226118 836316850 838409600 840504368 842601154 844699958 846800780 848903620 851008478 853115354 855224248 857335160 859448090 861563038 863680004 865798988 867919990 870043010 872168048 874295104 876424178 878555270 880688380 882823508 884960654 887099818 889241000 891384200 893529418 895676654 897825908 899977180 902130470 904285778 906443104 908602448 910763810 912927190 915092588 917260004 919429438 921600890 923774360 925949848 928127354 930306878 932488420 934671980 936857558 939045154 941234768 943426400 945620050 947815718 950013404 952213108 954414830 956618570 958824328 961032104 963241898 965453710 967667540 969883388 972101254 974321138 976543040 978766960 980992898 983220854 985450828 987682820 989916830 992152858 994390904 996630968 998873050 1117150 3363268 5611404 7861558 10113730 12367920 14624128 16882354 19142598 21404860 23669140 25935438 28203754 30474088 32746440 35020810 37297198 39575604 41856028 44138470 46422930 48709408 50997904 53288418 55580950 57875500 60172068 62470654 64771258 67073880 69378520 71685178 73993854 76304548 78617260 80931990 83248738 85567504 87888288 90211090 92535910 94862748 97191604 99522478 101855370 104190280 106527208 108866154 111207118 113550100 115895100 118242118 120591154 122942208 125295280 127650370 130007478 132366604 134727748 137090910 139456090 141823288 144192504 146563738 148936990 151312260 153689548 156068854 158450178 160833520 163218880 165606258 167995654 170387068 172780500 175175950 177573418 179972904 182374408 184777930 187183470 189591028 192000604 194412198 196825810 199241440 201659088 204078754 206500438 208924140 211349860 213777598 216207354 218639128 221072920 223508730 225946558 228386404 230828268 233272150 235718050 238165968 240615904 243067858 245521830 247977820 250435828 252895854 255357898 257821960 260288040 262756138 265226254 267698388 270172540 272648710 275126898 277607104 280089328 282573570 285059830 287548108 290038404 292530718 295025050 297521400 300019768 302520154 305022558 307526980 310033420 312541878 315052354 317564848 320079360 322595890 325114438 327635004 330157588 332682190 335208810 337737448 340268104 342800778 345335470 347872180 350410908 352951654 355494418 358039200 360586000 363134818 365685654 368238508 370793380 373350270 375909178 378470104 381033048 383598010 386164990 388733988 391305004 393878038 396453090 399030160 401609248 404190354 406773478 409358620 411945780 414534958 417126154 419719368 422314600 424911850 427511118 430112404 432715708 435321030 437928370 440537728 443149104 445762498 448377910 450995340 453614788 456236254 458859738 461485240 464112760 466742298 469373854 472007428 474643020 477280630 479920258 482561904 485205568 487851250 490498950 493148668 495800404 498454158 501109930 503767720 506427528 509089354 511753198 514419060 517086940 519756838 522428754 525102688 527778640 530456610 533136598 535818604 538502628 541188670 543876730 546566808 549258904 551953018 554649150 557347300 560047468 562749654 565453858 568160080 570868320 573578578 576290854 579005148 581721460 584439790 587160138 589882504 592606888 595333290 598061710 600792148 603524604 606259078 608995570 611734080 614474608 617217154 619961718 622708300 625456900 628207518 630960154 633714808 636471480 639230170 641990878 644753604 647518348 650285110 653053890 655824688 658597504 661372338 664149190 666928060 669708948 672491854 675276778 678063720 680852680 683643658 686436654 689231668 692028700 694827750 697628818 700431904 703237008 706044130 708853270 711664428 714477604 717292798 720110010 722929240 725750488 728573754 731399038 734226340 737055660 739886998 742720354 745555728 748393120 751232530 754073958 756917404 759762868 762610350 765459850 768311368 771164904 774020458 776878030 779737620 782599228 785462854 788328498 791196160 794065840 796937538 799811254 802686988 805564740 808444510 811326298 814210104 817095928 819983770 822873630 825765508 828659404 831555318 834453250 837353200 840255168 843159154 846065158 848973180 851883220 854795278 857709354 860625448 863543560 866463690 869385838 872310004 875236188 878164390 881094610 884026848 886961104 889897378 892835670 895775980 898718308 901662654 904609018 907557400 910507800 913460218 916414654 919371108 922329580 925290070 928252578 931217104 934183648 937152210 940122790 943095388 946070004 949046638 952025290 955005960 957988648 960973354 963960078 966948820 969939580 972932358 975927154 978923968 981922800 984923650 987926518 990931404 993938308 996947230 999958170 2971128 5986104 9003098
29 131 307 557 881 1279 1751 2297 2917 3611 4379 5221 6137 7127 8191 9329 10541 11827 13187 14621 16129 17711 19367 21097 22901 24779 26731 28757 30857 33031 1 37601 39997 42467 45011 47629 321 3087 5927 8841 11829 14891 18027 21237 24521 27879 1000000000 34817 38397 42051 45779 49581 3457 7407 11431 15529 19701 23947 28267 32661 37129 1 46287 977 5741 10579 15491 20477 25537 30671 35879 41161 46517 1947 7451 13029 18681 24407 30207 36081 42029 48051 4147 10317 16561 22879 29271 35737 42277 48891 5579 12341 1 1000000000 33071 40129 47261 4467 11747 19101 26529 34031 41607 49257 6981 14779 22651 30597 38617 46711 4879 13121 21437 29827 38291 46829 5441 14127 22887 31721 40629 49611 8667 1 27001 36279 45631 5057 14557 24131 33779 43501 3297 13167 23111 33129 43221 3387 13627 23941 1000000000 44791 5327 15937 26621 37379 48211 9117 20097 31151 42279 3481 14757 26107 1 49029 10601 22247 33967 45761 7629 19571 31587 43677 5841 18079 30391 42777 5237 17771 30379 43061 5817 18647 31551 44529 7581 20707 33907 47181 10529 23951 37447 1017 14661 1 42171 1000000000 19977 33991 48079 12241 26477 40787 5171 19629 34161 48767 13447 28201 43029 7931 22907 37957 3081 18279 33551 48897 14317 29811 45379 11021 26737 42527 8391 24329 1 6427 22587 38821 5129 21511 37967 4497 21101 37779 4531 21357 38257 5231 22279 39401 6597 23867 1000000000 8629 26121 43687 11327 29041 46829 14691 32627 637 18721 36879 5111 1 41797 10251 28779 47381 16057 34807 3631 22529 41501 10547 29667 48861 18129 37471 6887 26377 45941 15579 35291 5077 24937 44871 14879 34961 5117 25347 45651 16029 36481 7007 1 48281 19029 1000000000 10747 31717 2761 23879 45071 16337 37677 9091 30579 2141 23777 45487 17271 39129 11061 33067 5147 27301 49529 21831 44207 16657 39181 11779 34451 7197 30017 1 25879 48921 22037 45227 18491 41829 15241 38727 12287 35921 9629 33411 7267 31197 5201 29279 3431 27657 1000000000 26331 779 25301 49897 24567 49311 24129 49021 23987 49027 24141 1 24591 49927 25337 821 26379 2011 27717 3497 29351 5279 31281 7357 33507 9731 36029 12401 38847 15367 41961 18629 45371 22187 49077 26041 3079 30191 7377 34637 11971 39379 1 44417 22047 49751 1000000000 5381 33307 11307 39381 17529 45751 24047 2417 30861 9379 37971 16637 45377 24191 3079 32041 11077 40187 19371 48629 27961 7367 36847 16401 46029 25731 1 35357 15281 45279 25351 5497 35717 16011 46379 26821 7337 37927 18591 49329 30141 11027 41987 23021 4129 35311 1000000000 47897 29301 10779 42331 23957 5657 37431 19279 1201 33197 1 47411 29629 11921 44287 26727 9241 41829 24491 7227 40037 22921 5879 38911 22017 5197 38451 21779 5181 38657 22207 5831 39529 23301 7147 41067 25061 9129 43271 27487 11777 1 30579 15091 49677 34337 1000000000 3879 38761 23717 8747 43851 29029 14281 49607 35007 20481 6029 41651 27347 13117 48961 34879 20871 6937 43077 29291 15579 1941 38377 24887 11471 1 34861 21667 8547 45501 32529 19631 6807 44057 31381 18779 6251 43797 31417 19111 6879 44721 32637 20627 8691 46829 1000000000 23327 11687 121 38629 27211 15867 4597 43401 32279 1 10257 49357 38531 27779 17101 6497 45967 35511 25129 14821 4587 44427 34341 24329 14391 4527 44737 35021 25379 15811 6317 46897 37551 28279 19081 9957 907 41931 33029 24201 1 6767 48161 39629 31171 22787 1000000000 6241 48079 39991 31977 24037 16171 8379 661 43017 35447 27951 20529 13181 5907 48707 41581 34529 27551 20647 13817 7061 379 43771 37237 1 24391 18079 11841 5677 49587 43571 37629 31761 25967 20247 14601 9029 3531 48107 42757 37481 32279 27151 22097 17117 12211 1000000000 2621 47937 43327 38791 34329 29941 25627 21387 1 13129 9111 5167 1297 47501 43779 40131 36557 33057 29631 26279 23001 19797 16667 13611 10629 7721 4887 2127 49441 46829 44291 41827 39437 37121 34879 32711 30617 28597 26651 1 22981 21257 19607 18031 16529 15101 1000000000 12467 11261 10129 9071 8087 7177 6341 5579 4891 4277 3737 3271 2879 2561 2317 2147 2051 2029 2081 2207 2407 2681 3029 1 3947 4517 5161 5879 6671 7537 8477 9491 10579 11741 12977 14287 15671 17129 18661 20267 21947 23701 25529 27431 29407 31457 1000000000 35779 38051 40397 42817 45311 47879 521 1 6027 8891 11829 14841 17927 21087 24321 27629 31011 34467 37997 41601 45279 49031 2857 6757 10731 14779 18901 23097 27367 31711 36129 40621 45187 49827 4541 9329 14191 19127 1 29221 34379 39611 44917 297 5751 11279 1000000000 22557 28307 34131 40029 46001 2047 8167 14361 20629 26971 33387 39877 46441 3079 9791 16577 23437 30371 37379 44461 1617 8847 1 23529 30981 38507 46107 3781 11529 19351 27247 35217 43261 1379 9571 17837 26177 34591 43079 1641 10277 18987 27771 36629 45561 4567 1000000000 22801 32029 41331 707 10157 19681 1 38951 48697 8517 18411 28379 38421 48537 8727 18991 29329 39741 227 10787 21421 32129 42911 3767 14697 25701 36779 47931 9157 20457 31831 43279 4801 16397 28067 39811 1629 1 25487 37527 49641 11829 24091 36427 48837 11321 1000000000 36511 49217 11997 24851 37779 781 13857 27007 40231 3529 16901 30347 43867 7461 21129 34871 48687 12577 26541 40579 4691 1 33137 47471 11879 26361 40917 5547 20251 35029 49881 14807 29807 44881 10029 25251 40547 5917 21361 36879 2471 18137 33877 49691 15579 31541 1000000000 13687 29871 46129 12461 28867 1 11901 28529 45231 12007 28857 45781 12779 29851 46997 14217 31511 48879 16321 33837 1427 19091 36829 4641 22527 40487 8521 26629 44811 13067 31397 49801 18279 36831 5457 24157 1 11779 30701 49697 18767 37911 7129 26421 45787 15227 1000000000 4329 23991 43727 13537 33421 3379 23411 43517 13697 33951 4279 24681 45157 15707 36331 7029 27801 48647 19567 40561 1 32771 3987 25277 46641 18079 39591 11177 32837 4571 26379 48261 20217 42247 14351 36529 8781 31107 3507 25981 48529 21151 43847 16617 39461 12379 1000000000 8437 31577 4791 28079 1 24877 48387 21971 45629 19361 43167 17047 41001
1 2 7378
2 3 26
2 4 4755
4 5 5322
4 6 51
2 7 8942
7 8 3266
8 9 5914
2 10 3129
4 11 3696
8 12 101
8 13 4830
11 14 3316
14 15 1802
14 16 6531
8 17 3746
10 18 4313
2 19 5690
19 20 5042
4 21 986
14 22 4905
8 23 2120
6 24 1011
8 25 1578
14 26 3821
24 27 7740
11 28 9522
28 29 8874
20 30 251
14 31 7466
10 32 519
8 33 9410
8 34 4139
10 35 4706
14 36 1111
20 37 3354
28 38 1435
38 39 5354
11 40 6270
24 41 3946
39 42 7460
14 43 4214
32 44 1485
8 45 6158
29 46 7186
6 47 9778
30 48 4563
8 49 5074
35 50 3616
14 51 2046
44 52 4345
24 53 694
4 54 7043
38 55 1018
19 56 5286
56 57 3018
38 58 5205
20 59 7392
2 60 9579
44 61 6906
27 62 7012
10 63 7118
56 64 6121
40 65 4146
24 66 2171
8 67 196
59 68 8794
44 69 4738
29 70 682
14 71 6626
70 72 4819
56 73 8682
42 74 2545
28 75 6408
14 76 271
76 77 5978
63 78 7760
50 79 9542
37 80 1324
24 81 3106
11 82 4888
80 83 6028
68 84 5729
56 85 5430
44 86 5131
32 87 4832
20 88 4533
8 89 4234
85 90 8726
74 91 6346
63 92 3966
52 93 1586
41 94 9206
30 95 6826
19 96 4446
8 97 2066
94 98 7829
84 99 3368
74 100 8907
64 101 4446
54 102 9985
44 103 5524
34 104 1063
24 105 6602
14 106 2141
4 107 7680
101 108 552
92 109 4010
83 110 7468
74 111 926
65 112 4384
56 113 7842
47 114 1300
38 115 4758
29 116 8216
20 117 1674
11 118 5132
2 119 8590
112 120 4409
104 121 5786
96 122 7163
88 123 8540
80 124 9917
72 125 1294
64 126 2671
56 127 4048
48 128 5425
40 129 6802
32 130 8179
24 131 9556
16 132 933
8 133 2310
133 134 6914
126 135 6210
119 136 5506
112 137 4802
105 138 4098
98 139 3394
91 140 2690
84 141 1986
77 142 1282
70 143 578
63 144 9874
56 145 9170
49 146 8466
42 147 7762
35 148 7058
28 149 6354
21 150 5650
14 151 4946
7 152 4242
152 153 7226
146 154 4441
140 155 1656
134 156 8871
128 157 6086
122 158 3301
116 159 516
110 160 7731
104 161 4946
98 162 2161
92 163 9376
86 164 6591
80 165 3806
74 166 1021
68 167 8236
62 168 5451
56 169 2666
50 170 9881
44 171 7096
38 172 4311
32 173 1526
26 174 8741
20 175 5956
14 176 3171
8 177 386
2 178 7601
174 179 4398
169 180 9532
164 181 4666
159 182 9800
154 183 4934
149 184 68
144 185 5202
139 186 336
134 187 5470
129 188 604
124 189 5738
119 190 872
114 191 6006
109 192 1140
104 193 6274
99 194 1408
94 195 6542
89 196 1676
84 197 6810
79 198 1944
74 199 7078
69 200 2212
64 201 7346
59 202 2480
54 203 7614
49 204 2748
44 205 7882
39 206 3016
34 207 8150
29 208 3284
24 209 8418
19 210 3552
14 211 8686
9 212 3820
4 213 8954
212 214 835
208 215 3888
204 216 6941
200 217 9994
196 218 3047
192 219 6100
188 220 9153
184 221 2206
180 222 5259
176 223 8312
172 224 1365
168 225 4418
164 226 7471
160 227 524
156 228 3577
152 229 6630
148 230 9683
144 231 2736
140 232 5789
136 233 8842
132 234 1895
128 235 4948
124 236 8001
120 237 1054
116 238 4107
112 239 7160
108 240 213
104 241 3266
100 242 6319
96 243 9372
92 244 2425
88 245 5478
84 246 8531
80 247 1584
76 248 4637
72 249 7690
68 250 743
64 251 3796
60 252 6849
56 253 9902
52 254 2955
48 255 6008
44 256 9061
40 257 2114
36 258 5167
32 259 8220
28 260 1273
24 261 4326
20 262 7379
16 263 432
12 264 3485
8 265 6538
4 266 9591
266 267 9098
263 268 70
260 269 1042
257 270 2014
254 271 2986
251 272 3958
248 273 4930
245 274 5902
242 275 6874
239 276 7846
236 277 8818
233 278 9790
230 279 762
227 280 1734
224 281 2706
221 282 3678
218 283 4650
215 284 5622
212 285 6594
209 286 7566
206 287 8538
203 288 9510
200 289 482
197 290 1454
194 291 2426
191 292 3398
188 293 4370
185 294 5342
182 295 6314
179 296 7286
176 297 8258
173 298 9230
170 299 202
167 300 1174
164 301 2146
161 302 3118
158 303 4090
155 304 5062
152 305 6034
149 306 7006
146 307 7978
143 308 8950
140 309 9922
137 310 894
134 311 1866
131 312 2838
128 313 3810
125 314 4782
122 315 5754
119 316 6726
116 317 7698
113 318 8670
110 319 9642
107 320 614
104 321 1586
101 322 2558
98 323 3530
95 324 4502
92 325 5474
89 326 6446
86 327 7418
83 328 8390
80 329 9362
77 330 334
74 331 1306
71 332 2278
68 333 3250
65 334 4222
62 335 5194
59 336 6166
56 337 7138
53 338 8110
50 339 9082
47 340 54
44 341 1026
41 342 1998
38 343 2970
35 344 3942
32 345 4914
29 346 5886
26 347 6858
23 348 7830
20 349 8802
17 350 9774
14 351 746
11 352 1718
8 353 2690
5 354 3662
2 355 4634
354 356 6851
352 357 5742
350 358 4633
348 359 3524
346 360 2415
344 361 1306
342 362 197
340 363 9088
338 364 7979
336 365 6870
334 366 5761
332 367 4652
330 368 3543
328 369 2434
326 370 1325
324 371 216
322 372 9107
320 373 7998
318 374 6889
316 375 5780
314 376 4671
312 377 3562
310 378 2453
308 379 1344
306 380 235
304 381 9126
302 382 8017
300 383 6908
298 384 5799
296 385 4690
294 386 3581
292 387 2472
290 388 1363
288 389 254
286 390 9145
284 391 8036
282 392 6927
280 393 5818
278 394 4709
276 395 3600
274 396 2491
272 397 1382
270 398 273
268 399 9164
266 400 8055
264 401 6946
262 402 5837
260 403 4728
258 404 3619
256 405 2510
254 406 1401
252 407 292
250 408 9183
248 409 8074
246 410 6965
244 411 5856
242 412 4747
240 413 3638
238 414 2529
236 415 1420
234 416 311
232 417 9202
230 418 8093
228 419 6984
226 420 5875
224 421 4766
222 422 3657
220 423 2548
218 424 1439
216 425 330
214 426 9221
212 427 8112
210 428 7003
208 429 5894
206 430 4785
204 431 3676
202 432 2567
200 433 1458
198 434 349
196 435 9240
194 436 8131
192 437 7022
190 438 5913
188 439 4804
186 440 3695
184 441 2586
182 442 1477
180 443 368
178 444 9259
176 445 8150
174 446 7041
172 447 5932
170 448 4823
168 449 3714
166 450 2605
164 451 1496
162 452 387
160 453 9278
158 454 8169
156 455 7060
154 456 5951
152 457 4842
150 458 3733
148 459 2624
146 460 1515
144 461 406
142 462 9297
140 463 8188
138 464 7079
136 465 5970
134 466 4861
132 467 3752
130 468 2643
128 469 1534
126 470 425
124 471 9316
122 472 8207
120 473 7098
118 474 5989
116 475 4880
114 476 3771
112 477 2662
110 478 1553
108 479 444
106 480 9335
104 481 8226
102 482 7117
100 483 6008
98 484 4899
96 485 3790
94 486 2681
92 487 1572
90 488 463
88 489 9354
86 490 8245
84 491 7136
82 492 6027
80 493 4918
78 494 3809
76 495 2700
74 496 1591
72 497 482
70 498 9373
68 499 8264
66 500 7155
64 501 6046
62 502 4937
60 503 3828
58 504 2719
56 505 1610
54 506 501
52 507 9392
50 508 8283
48 509 7174
46 510 6065
44 511 4956
42 512 3847
40 513 2738
38 514 1629
36 515 520
34 516 9411
32 517 8302
30 518 7193
28 519 6084
26 520 4975
24 521 3866
22 522 2757
20 523 1648
18 524 539
16 525 9430
14 526 8321
12 527 7212
10 528 6103
8 529 4994
6 530 3885
4 531 2776
2 532 1667
532 533 3466
531 534 276
530 535 7086
529 536 3896
528 537 706
527 538 7516
526 539 4326
525 540 1136
524 541 7946
523 542 4756
522 543 1566
521 544 8376
520 545 5186
519 546 1996
518 547 8806
517 548 5616
516 549 2426
515 550 9236
514 551 6046
513 552 2856
512 553 9666
511 554 6476
510 555 3286
509 556 96
508 557 6906
507 558 3716
506 559 526
505 560 7336
504 561 4146
503 562 956
502 563 7766
501 564 4576
500 565 1386
499 566 8196
498 567 5006
497 568 1816
496 569 8626
495 570 5436
494 571 2246
493 572 9056
492 573 5866
491 574 2676
490 575 9486
489 576 6296
488 577 3106
487 578 9916
486 579 6726
485 580 3536
484 581 346
483 582 7156
482 583 3966
481 584 776
480 585 7586
479 586 4396
478 587 1206
477 588 8016
476 589 4826
475 590 1636
474 591 8446
473 592 5256
472 593 2066
471 594 8876
470 595 5686
469 596 2496
468 597 9306
467 598 6116
466 599 2926
465 600 9736
464 601 6546
463 602 3356
462 603 166
461 604 6976
460 605 3786
459 606 596
458 607 7406
457 608 4216
456 609 1026
455 610 7836
454 611 4646
453 612 1456
452 613 8266
451 614 5076
450 615 1886
449 616 8696
448 617 5506
447 618 2316
446 619 9126
445 620 5936
444 621 2746
443 622 9556
442 623 6366
441 624 3176
440 625 9986
439 626 6796
438 627 3606
437 628 416
436 629 7226
435 630 4036
434 631 846
433 632 7656
432 633 4466
431 634 1276
430 635 8086
429 636 4896
428 637 1706
427 638 8516
426 639 5326
425 640 2136
424 641 8946
423 642 5756
422 643 2566
421 644 9376
420 645 6186
419 646 2996
418 647 9806
417 648 6616
416 649 3426
415 650 236
414 651 7046
413 652 3856
412 653 666
411 654 7476
410 655 4286
409 656 1096
408 657 7906
407 658 4716
406 659 1526
405 660 8336
404 661 5146
403 662 1956
402 663 8766
401 664 5576
400 665 2386
399 666 9196
398 667 6006
397 668 2816
396 669 9626
395 670 6436
394 671 3246
393 672 56
392 673 6866
391 674 3676
390 675 486
389 676 7296
388 677 4106
387 678 916
386 679 7726
385 680 4536
384 681 1346
383 682 8156
382 683 4966
381 684 1776
380 685 8586
379 686 5396
378 687 2206
377 688 9016
376 689 5826
375 690 2636
374 691 9446
373 692 6256
372 693 3066
371 694 9876
370 695 6686
369 696 3496
368 697 306
367 698 7116
366 699 3926
365 700 736
364 701 7546
363 702 4356
362 703 1166
361 704 7976
360 705 4786
359 706 1596
358 707 8406
357 708 5216
356 709 2026
355 710 8836
354 711 5646
353 712 2456
352 713 9266
351 714 6076
350 715 2886
349 716 9696
348 717 6506
347 718 3316
346 719 126
345 720 6936
344 721 3746
343 722 556
342 723 7366
341 724 4176
340 725 986
339 726 7796
338 727 4606
337 728 1416
336 729 8226
335 730 5036
334 731 1846
333 732 8656
332 733 5466
331 734 2276
330 735 9086
329 736 5896
328 737 2706
327 738 9516
326 739 6326
325 740 3136
324 741 9946
323 742 6756
322 743 3566
321 744 376
320 745 7186
319 746 3996
318 747 806
317 748 7616
316 749 4426
315 750 1236
314 751 8046
313 752 4856
312 753 1666
311 754 8476
310 755 5286
309 756 2096
308 757 8906
307 758 5716
306 759 2526
305 760 9336
304 761 6146
303 762 2956
302 763 9766
301 764 6576
300 765 3386
299 766 196
298 767 7006
297 768 3816
296 769 626
295 770 7436
294 771 4246
293 772 1056
292 773 7866
291 774 4676
290 775 1486
289 776 8296
288 777 5106
287 778 1916
286 779 8726
285 780 5536
284 781 2346
283 782 9156
282 783 5966
281 784 2776
280 785 9586
279 786 6396
278 787 3206
277 788 16
276 789 6826
275 790 3636
274 791 446
273 792 7256
272 793 4066
271 794 876
270 795 7686
269 796 4496
268 797 1306
267 798 8116
266 799 4926
265 800 1736
264 801 8546
263 802 5356
262 803 2166
261 804 8976
260 805 5786
259 806 2596
258 807 9406
257 808 6216
256 809 3026
255 810 9836
254 811 6646
253 812 3456
252 813 266
251 814 7076
250 815 3886
249 816 696
248 817 7506
247 818 4316
246 819 1126
245 820 7936
244 821 4746
243 822 1556
242 823 8366
241 824 5176
240 825 1986
239 826 8796
238 827 5606
237 828 2416
236 829 9226
235 830 6036
234 831 2846
233 832 9656
232 833 6466
231 834 3276
230 835 86
229 836 6896
228 837 3706
227 838 516
226 839 7326
225 840 4136
224 841 946
223 842 7756
222 843 4566
221 844 1376
220 845 8186
219 846 4996
218 847 1806
217 848 8616
216 849 5426
215 850 2236
214 851 9046
213 852 5856
212 853 2666
211 854 9476
210 855 6286
209 856 3096
208 857 9906
207 858 6716
206 859 3526
205 860 336
204 861 7146
203 862 3956
202 863 766
201 864 7576
200 865 4386
199 866 1196
198 867 8006
197 868 4816
196 869 1626
195 870 8436
194 871 5246
193 872 2056
192 873 8866
191 874 5676
190 875 2486
189 876 9296
188 877 6106
187 878 2916
186 879 9726
185 880 6536
184 881 3346
183 882 156
182 883 6966
181 884 3776
180 885 586
179 886 7396
178 887 4206
177 888 1016
176 889 7826
175 890 4636
174 891 1446
173 892 8256
172 893 5066
171 894 1876
170 895 8686
169 896 5496
168 897 2306
167 898 9116
166 899 5926
165 900 2736
164 901 9546
163 902 6356
162 903 3166
161 904 9976
160 905 6786
159 906 3596
158 907 406
157 908 7216
156 909 4026
155 910 836
154 911 7646
153 912 4456
152 913 1266
151 914 8076
150 915 4886
149 916 1696
148 917 8506
147 918 5316
146 919 2126
145 920 8936
144 921 5746
143 922 2556
142 923 9366
141 924 6176
140 925 2986
139 926 9796
138 927 6606
137 928 3416
136 929 226
135 930 7036
134 931 3846
133 932 656
132 933 7466
131 934 4276
130 935 1086
129 936 7896
128 937 4706
127 938 1516
126 939 8326
125 940 5136
124 941 1946
123 942 8756
122 943 5566
121 944 2376
120 945 9186
119 946 5996
118 947 2806
117 948 9616
116 949 6426
115 950 3236
114 951 46
113 952 6856
112 953 3666
111 954 476
110 955 7286
109 956 4096
108 957 906
107 958 7716
106 959 4526
105 960 1336
104 961 8146
103 962 4956
102 963 1766
101 964 8576
100 965 5386
99 966 2196
98 967 9006
97 968 5816
96 969 2626
95 970 9436
94 971 6246
93 972 3056
92 973 9866
91 974 6676
90 975 3486
89 976 296
88 977 7106
87 978 3916
86 979 726
85 980 7536
84 981 4346
83 982 1156
82 983 7966
81 984 4776
80 985 1586
79 986 8396
78 987 5206
77 988 2016
76 989 8826
75 990 5636
74 991 2446
73 992 9256
72 993 6066
71 994 2876
70 995 9686
69 996 6496
68 997 3306
67 998 116
66 999 6926
65 1000 3736
