100
2 5 6 7 7 9 9 9 10 10 11 11 16 18
2 5 9 10 11 11 13 13 19 20 21 23 24 24
1 6 9 10 13 15 18 19 19 20 21 22 25 27
3 3 5 6 7 7 7 7 19 20 21 23 24 25
2 4 8 8 9 13 13 15 16 19 19 21 23 24
2 4 4 6 8 11 12 16 21 22 23 25 25 27
2 5 5 5 6 8 8 8 11 13 17 17 17 18
1 1 2 4 6 13 14 16 17 18 19 23 23 26
1 2 3 3 5 11 14 16 18 21 23 25 26 26
1 1 2 3 3 9 10 20 22 22 22 22 23 23
1 2 2 3 13 14 15 20 22 24 25 25 25 26
1 7 7 8 13 14 15 16 19 20 21 21 26 26
2 4 7 13 13 13 15 15 17 17 17 18 18 18
6 9 9 11 14 15 15 17 18 19 19 22 27 27
1 6 9 10 10 11 11 17 19 20 21 24 25 25
1 3 3 4 5 6 6 9 13 13 13 16 21 26
1 3 4 4 6 10 11 14 15 15 22 23 25 27
6 6 7 8 15 17 17 18 18 18 19 21 22 24
2 3 3 3 3 6 6 6 7 8 9 13 21 22
1 2 4 5 6 7 10 12 13 19 20 23 25 27
2 3 5 6 10 11 16 16 20 21 23 25 25 27
1 1 1 5 7 9 12 12 15 16 18 18 18 20
2 3 5 6 9 16 17 18 19 20 20 20 20 27
2 3 4 8 8 10 14 15 16 21 21 22 22 27
4 8 12 13 13 14 14 15 15 21 21 23 25 25
2 5 7 9 15 16 16 17 20 20 21 24 26 27
2 3 6 8 9 12 14 16 17 18 24 25 25 27
10 10 10 10 12 12 13 13 17 17 17 25 26 26
1 1 2 7 8 10 11 17 17 21 25 26 26 26
1 2 2 5 6 7 9 12 13 16 18 21 21 22
4 4 4 8 9 9 9 14 18 20 20 25 27 27
1 1 2 5 6 11 11 12 16 17 23 23 26 26
3 3 4 5 9 11 11 14 22 22 23 24 26 27
4 5 6 6 6 10 10 11 15 15 15 16 16 18
1 1 1 4 6 9 10 10 11 13 13 21 24 27
1 2 2 2 4 9 10 14 15 17 20 21 22 26
1 6 10 10 13 13 13 18 18 22 22 22 23 25
2 3 3 5 8 14 16 17 18 18 19 20 24 26
3 6 8 10 12 12 13 14 14 15 19 21 23 25
2 11 11 11 17 18 21 22 22 23 24 26 26 27
6 8 9 12 12 12 15 16 17 18 18 20 21 27
2 3 4 9 10 12 16 16 19 19 21 25 26 27
3 3 3 3 4 4 4 5 7 7 13 14 21 21
3 5 7 7 9 12 15 15 16 20 22 23 25 25
1 2 5 7 11 13 14 15 19 19 20 21 22 24
7 7 7 7 8 9 10 12 13 14 14 15 16 20
1 2 4 5 7 9 10 14 15 18 20 21 23 25
2 3 3 6 9 9 14 17 18 18 20 21 22 25
8 13 20 20 20 22 22 22 22 23 23 26 26 27
1 3 5 12 14 15 20 20 20 20 21 22 27 27
4 7 7 11 13 16 16 17 17 18 19 21 23 24
2 9 13 15 16 17 20 20 20 20 22 22 22 22
1 4 6 9 11 13 13 14 15 17 20 22 25 27
4 5 5 7 8 10 13 14 14 16 18 20 25 27
4 5 11 11 11 16 20 23 23 24 24 24 25 25
3 5 5 10 12 13 16 17 20 20 21 24 24 25
4 7 9 11 12 12 19 19 21 21 23 25 26 27
8 20 20 20 21 22 23 23 24 24 25 25 26 27
2 3 5 5 6 9 10 13 16 17 17 21 22 24
2 9 9 11 12 12 13 17 19 20 21 22 23 25
3 3 3 6 6 6 6 7 8 9 9 9 14 14
4 6 7 9 9 10 15 15 18 20 21 21 27 27
2 2 5 5 6 10 11 14 15 18 20 22 24 27
2 6 7 7 7 7 8 8 11 11 11 17 17 27
4 5 5 8 8 11 13 13 13 19 20 22 26 27
2 3 3 6 10 14 15 18 21 21 22 22 23 27
6 10 10 10 11 13 13 19 19 23 23 23 25 25
4 5 8 10 11 12 16 18 19 22 23 24 25 26
1 1 2 5 10 11 13 16 16 22 24 25 27 27
1 1 1 2 3 5 5 6 6 7 7 19 20 21
4 4 8 9 10 12 14 20 21 21 24 25 26 26
1 3 4 5 7 9 9 12 13 16 21 21 26 27
1 1 2 4 13 13 13 13 16 16 16 16 17 18
1 2 4 10 12 13 14 14 15 15 16 20 22 25
1 2 4 5 7 9 9 12 16 18 18 20 21 27
4 4 11 15 20 22 22 22 24 25 25 26 26 26
2 5 6 7 8 9 9 14 16 17 17 20 25 25
1 3 6 7 13 13 14 15 15 17 20 20 20 26
1 1 5 5 7 9 16 16 16 18 21 24 24 25
1 4 8 8 14 16 16 19 20 20 21 22 23 25
4 6 6 8 12 12 13 15 17 19 20 22 23 25
1 2 5 5 5 5 6 7 11 11 12 12 12 15
2 3 5 12 15 15 18 20 21 21 22 25 26 26
2 2 2 3 7 8 9 12 16 18 19 21 21 23
3 5 7 7 7 7 9 9 15 26 26 26 27 27
4 4 5 6 6 7 9 11 16 16 16 22 26 27
5 5 7 9 10 12 14 19 20 21 22 23 24 27
5 5 5 7 7 10 10 11 13 14 14 15 15 16
1 1 2 6 7 11 11 16 18 18 18 20 26 27
3 4 6 6 7 9 10 12 13 18 23 26 27 27
4 5 6 6 6 6 9 9 22 22 23 23 24 24
1 6 7 11 12 13 14 17 19 20 20 20 26 26
3 3 8 11 13 13 14 14 16 21 22 24 26 26
10 10 10 14 15 15 22 23 23 23 23 24 25 25
1 2 4 5 6 9 15 16 17 19 22 22 23 23
2 4 9 10 13 16 17 18 19 19 20 22 24 26
13 14 14 14 14 15 21 21 23 23 23 26 26 26
5 5 5 5 10 11 12 13 15 16 19 20 22 23
1 2 5 8 10 11 11 13 15 21 21 22 24 25
5 6 10 11 11 11 12 12 12 12 13 13 13 14
